06 F4 06 30 1C 81 18 B5
07 25 64 1F 1C 03 28 29 00
07 25 64 7E 12 03 28 29 00
14 31 13 69 00 00 01 00 00 00 00 00 00 00 00 00 78 80 00 00 00 00
07 25 64 E8 02 03 28 29 00
04 21 03 EF 00 00
07 25 64 E8 02 03 28 29 00
04 21 03 EF 00 00
07 25 64 1F 1C 03 28 29 00
07 25 64 E8 02 03 28 29 00
04 21 03 EF 00 00
07 25 64 E9 10 03 28 29 00
12 33 11 FC 00 00 00 00 E6 00 00 00 F8 01 7A 01 00 00 20 4E
07 25 64 1F 1C 03 28 29 00
07 25 64 7E 12 03 28 29 00
14 31 13 69 00 00 01 00 00 00 00 00 00 00 00 00 78 80 00 00 00 00
07 25 64 1F 1C 03 28 29 00
07 25 64 E9 10 03 28 29 00
12 33 11 FC 00 00 00 00 E6 00 00 00 F8 01 7A 01 00 00 20 4E
07 25 64 1F 1C 03 28 29 00
07 25 64 7E 12 03 28 29 00
14 31 13 69 00 00 01 00 00 00 00 00 00 00 00 00 78 80 00 00 00 00
07 25 64 1F 1C 03 28 29 00
07 25 64 E9 10 03 28 29 00
12 33 11 FC 00 00 00 00 E6 00 00 00 F8 01 7A 01 00 00 20 4E
07 25 64 1F 1C 03 28 29 00
07 25 64 7E 12 03 28 29 00
14 31 13 69 00 00 01 00 00 00 00 00 00 00 00 00 78 80 00 00 00 00
07 25 64 1F 1C 03 28 29 00
07 25 64 E9 10 03 28 29 00
12 33 11 FC 00 00 00 00 E6 00 00 00 F8 01 7A 01 00 00 20 4E
07 25 64 1F 1C 03 28 29 00
07 25 64 7E 12 03 28 29 00
14 31 13 69 00 00 01 00 00 00 00 00 00 00 00 00 78 80 00 00 00 00
07 25 64 1F 1C 03 28 29 00
07 25 64 E9 10 03 28 29 00
12 33 11 FC 00 00 00 00 E6 00 00 00 F8 01 7A 01 00 00 20 4E
07 25 64 1F 1C 03 28 29 00
07 25 64 7E 12 03 28 29 00
14 31 13 69 00 00 01 00 00 00 00 00 00 00 00 00 78 80 00 00 00 00
07 25 64 1F 1C 03 28 29 00
07 25 64 E9 10 03 28 29 00
12 33 11 FC 00 00 00 00 E6 00 00 00 F8 01 7A 01 00 00 20 4E
07 25 64 1F 1C 03 28 29 00
07 25 64 7E 12 03 28 29 00
14 31 13 69 00 00 01 00 00 00 00 00 00 00 00 00 78 80 00 00 00 00
07 25 64 1F 1C 03 28 29 00
07 25 64 E9 10 03 28 29 00
12 33 11 FC 00 00 00 00 E6 00 00 00 F8 01 7A 01 00 00 20 4E
07 25 64 1F 1C 03 28 29 00
07 25 64 7E 12 03 28 29 00
14 31 13 69 00 00 01 00 00 00 00 00 00 00 00 00 78 80 00 00 00 00
07 25 64 1F 1C 03 28 29 00
07 25 64 E9 10 03 28 29 00
12 33 11 FC 00 00 00 00 E6 00 00 00 F8 01 7A 01 00 00 20 4E
07 25 64 1F 1C 03 28 29 00
07 25 64 7E 12 03 28 29 00
14 31 13 69 00 00 01 00 00 00 00 00 00 00 00 00 78 80 00 00 00 00
07 25 64 1F 1C 03 28 29 00
07 25 64 1F 32 03 28 29 00 CA FE 00 03 00 00 00 00 00 00 37
07 25 64 6D 02 03 28 29 00
04 21 03 6A 80 04
03 23 00 31 18
07 25 64 6D 02 03 28 29 00
04 21 03 6A 80 04
03 23 00 31 18
07 25 64 6D 02 03 28 29 00
04 21 03 6A 80 04
03 23 00 31 18
08 25 07 BD 30 00 00 00 00 00
07 25 64 6D 02 03 28 29 00
04 21 03 6A 80 04
03 23 00 31 18
07 25 64 6D 02 03 28 29 00
04 21 03 6A 80 04
03 23 00 31 18
07 25 64 6D 02 03 28 29 00
04 21 03 6A 80 04
03 23 00 31 18
07 25 64 6D 02 03 28 29 00
04 21 03 6A 80 04
03 23 00 31 18
07 25 64 6D 02 03 28 29 00
04 21 03 6A 80 04
03 23 00 31 18
07 25 64 6D 02 03 28 29 00
04 21 03 6A 80 04
03 23 00 31 18
07 25 64 6D 02 03 28 29 00
04 21 03 6A 80 04
03 23 00 31 18
07 25 64 6D 02 03 28 29 00
04 21 03 6A 80 04
03 23 00 31 18
07 25 64 6D 02 03 28 29 00
04 21 03 6A 80 04
03 23 00 31 18
07 25 64 6D 02 03 28 29 00
04 21 03 6A 80 04
03 23 00 31 18
07 25 64 6D 02 03 28 29 00
04 21 03 6A 80 04
03 23 00 31 18
07 25 64 6D 02 03 28 29 00
04 21 03 6A 80 04
03 23 00 31 18
08 25 07 BD 32 00 00 00 00 00
07 25 64 6D 02 03 28 29 00
04 21 03 6A 80 04
03 23 00 31 18
08 25 07 BD 32 00 00 00 00 00
07 25 64 6D 02 03 28 29 00
04 21 03 6A 80 04
0B 28 6D 09 00 08 00 02 00 00 01 00 37
07 25 60 05 04 28 29 00 01
03 23 00 31 18
07 25 64 6D 02 03 28 29 00
04 21 03 6A 80 04
03 23 00 31 18
07 25 60 05 04 28 29 00 00 19