07 25 60 05 04 28 29 00 00
07 25 60 05 04 28 29 00 00
07 25 60 05 04 28 29 00 00
07 25 60 05 04 28 29 00 00
09 27 63 07 06 28 29 00 00 80 04
07 25 60 05 04 28 29 00 00
07 25 60 05 04 28 29 00 00
07 25 60 05 04 28 29 00 00
07 25 60 05 04 28 29 00 00
09 27 63 07 06 28 29 00 00 80 04
07 25 60 05 04 28 29 00 00
07 25 60 05 04 28 29 00 00
07 25 60 05 04 28 29 00 00
07 25 60 05 04 28 29 00 00
09 27 63 07 06 28 29 00 00 80 04
07 25 60 05 04 28 29 00 00
07 25 60 05 04 28 29 00 00
07 25 60 05 04 28 29 00 00
07 25 60 05 04 28 29 00 00
09 27 63 07 06 28 29 00 00 80 04
07 25 60 05 04 28 29 00 00
07 25 60 05 04 28 29 00 00
07 25 60 05 04 28 29 00 00
07 25 60 05 04 28 29 00 00
09 27 63 07 06 28 29 00 00 80 04
07 25 60 05 04 28 29 00 00
07 25 60 05 04 28 29 00 00
07 25 60 05 04 28 29 00 00
07 25 60 05 04 28 29 00 00
09 27 63 07 06 28 29 00 00 80 04
07 25 60 05 04 28 29 00 00
07 25 60 05 04 28 29 00 00
07 25 60 05 04 28 29 00 00
07 25 60 05 04 28 29 00 00
09 27 63 07 06 28 29 00 00 80 04
07 25 60 05 04 28 29 00 00
07 25 60 05 04 28 29 00 00
07 25 60 05 04 28 29 00 00
07 25 60 05 04 28 29 00 00
09 27 63 07 06 28 29 00 00 80 04
07 25 60 05 04 28 29 00 00
07 25 60 05 04 28 29 00 00
07 25 60 05 04 28 29 00 00
07 25 60 05 04 28 29 00 00
09 27 63 07 06 28 29 00 00 80 04
07 25 60 05 04 28 29 00 00
07 25 60 05 04 28 29 00 00
07 25 60 05 04 28 29 00 00
07 25 60 05 04 28 29 00 00
09 27 63 07 06 28 29 00 00 80 04
07 25 60 05 04 28 29 00 00
07 25 60 05 04 28 29 00 00
07 25 60 05 04 28 29 00 00
07 25 60 05 04 28 29 00 00
09 27 63 07 06 28 29 00 00 80 04
07 25 60 05 04 28 29 00 00
07 25 60 05 04 28 29 00 00
07 25 60 05 04 28 29 00 00
0B 28 6D 09 00 03 00 00 00 00 00 00 37
06 F4 06 30 1C 81 18 B5
07 25 60 05 04 28 29 00 00
09 27 63 07 06 28 29 00 00 80 04
07 25 60 05 04 28 29 00 00
0B 28 6D 09 00 03 00 00 00 00 00 00 37
07 25 60 05 04 28 29 00 00
07 25 60 05 04 28 29 00 00
07 25 60 05 04 28 29 00 00
09 27 63 07 06 28 29 00 00 80 04
0B 28 6D 09 00 03 00 00 00 00 00 00 37
07 25 60 05 04 28 29 00 00
07 25 60 05 04 28 29 00 00
07 25 60 05 04 28 29 00 00
07 25 60 05 04 28 29 00 00
0B 28 6D 09 00 03 00 00 00 00 00 00 37
09 27 63 07 06 28 29 00 00 80 04
07 25 60 05 04 28 29 00 00
07 25 60 05 04 28 29 00 00
07 25 60 05 04 28 29 00 00
0B 28 6D 09 00 03 00 00 00 00 00 00 37
07 25 60 05 04 28 29 00 00
09 27 63 07 06 28 29 00 00 80 04
07 25 60 05 04 28 29 00 00
07 25 60 05 04 28 29 00 00
07 25 60 05 04 28 29 00 00
0B 28 6D 09 00 03 00 00 00 00 00 00 37
07 25 60 05 04 28 29 00 00
09 27 63 07 06 28 29 00 00 80 04
07 25 60 05 04 28 29 00 00
07 25 60 05 04 28 29 00 00
0B 28 6D 09 00 03 00 00 00 00 00 00 37
07 25 60 05 04 28 29 00 00
07 25 60 05 04 28 29 00 00
09 27 63 07 06 28 29 00 00 80 04
07 25 60 05 04 28 29 00 00
0B 28 6D 09 00 03 00 00 00 00 00 00 37
07 25 60 05 04 28 29 00 00
07 25 60 05 04 28 29 00 00
07 25 60 05 04 28 29 00 00
09 27 63 07 06 28 29 00 00 80 04
0B 28 6D 09 00 03 00 00 00 00 00 00 37
07 25 60 05 04 28 29 00 00
07 25 60 05 04 28 29 00 00
07 25 60 05 04 28 29 00 00
07 25 60 05 04 28 29 00 00
0B 28 6D 09 00 03 00 00 00 00 00 00 37
09 27 63 07 06 28 29 00 00 80 04
07 25 60 05 04 28 29 00 00
07 25 60 05 04 28 29 00 00
07 25 60 05 04 28 29 00 00
0B 28 6D 09 00 03 00 00 00 00 00 00 37
07 25 60 05 04 28 29 00 00
09 27 63 07 06 28 29 00 00 80 04
07 25 60 05 04 28 29 00 00
07 25 60 05 04 28 29 00 00
07 25 60 05 04 28 29 00 00
0B 28 6D 09 00 03 00 00 00 00 00 00 37
07 25 60 05 04 28 29 00 00
09 27 63 07 06 28 29 00 00 80 04
07 25 60 05 04 28 29 00 00
07 25 60 05 04 28 29 00 00
0B 28 6D 09 00 03 00 00 00 00 00 00 37
07 25 60 05 04 28 29 00 00
07 25 60 05 04 28 29 00 00
09 27 63 07 06 28 29 00 00 80 04
07 25 60 05 04 28 29 00 00
0B 28 6D 09 00 03 00 00 00 00 00 00 37
07 25 60 05 04 28 29 00 00
07 25 60 05 04 28 29 00 00
07 25 60 05 04 28 29 00 00
09 27 63 07 06 28 29 00 00 80 04
0B 28 6D 09 00 03 00 00 00 00 00 00 37
07 25 60 05 04 28 29 00 00
07 25 60 05 04 28 29 00 00
07 25 60 05 04 28 29 00 00
07 25 60 05 04 28 29 00 00
0B 28 6D 09 00 03 00 00 00 00 00 00 37
09 27 63 07 06 28 29 00 00 80 04
07 25 60 05 04 28 29 00 00
07 25 60 05 04 28 29 00 00
07 25 60 05 04 28 29 00 00
0B 28 6D 09 00 03 00 00 00 00 00 00 37
07 25 60 05 04 28 29 00 00
09 27 63 07 06 28 29 00 00 80 04
07 25 60 05 04 28 29 00 00
07 25 60 05 04 28 29 00 00
0B 28 6D 09 00 03 00 00 00 00 00 00 37
07 25 60 05 04 28 29 00 00
07 25 60 05 04 28 29 00 00
09 27 63 07 06 28 29 00 00 80 04
07 25 60 05 04 28 29 00 00
07 25 60 05 04 28 29 00 00
0B 28 6D 09 00 03 00 00 00 00 00 00 37
07 25 60 05 04 28 29 00 00
07 25 60 05 04 28 29 00 00
09 27 63 07 06 28 29 00 00 80 04
07 25 60 05 04 28 29 00 00
0B 28 6D 09 00 03 00 00 00 00 00 00 37
07 25 60 05 04 28 29 00 00
07 25 60 05 04 28 29 00 00
07 25 60 05 04 28 29 00 00
09 27 63 07 06 28 29 00 00 80 04
0B 28 6D 09 00 03 00 00 00 00 00 00 37
07 25 60 05 04 28 29 00 00
07 25 60 05 04 28 29 00 00
07 25 60 05 04 28 29 00 00
07 25 60 05 04 28 29 00 00
0B 28 6D 09 00 03 00 00 00 00 00 00 37
09 27 63 07 06 28 29 00 00 80 04
07 25 60 05 04 28 29 00 00
07 25 60 05 04 28 29 00 00
07 25 60 05 04 28 29 00 00
0B 28 6D 09 00 03 00 00 00 00 00 00 37
07 25 60 05 04 28 29 00 00
09 27 63 07 06 28 29 00 00 80 04
07 25 60 05 04 28 29 00 00
07 25 60 05 04 28 29 00 00
0B 28 6D 09 00 03 00 00 00 00 00 00 37
07 25 60 05 04 28 29 00 00
07 25 60 05 04 28 29 00 00
09 27 63 07 06 28 29 00 00 80 04
07 25 60 05 04 28 29 00 00
07 25 60 05 04 28 29 00 00
0B 28 6D 09 00 03 00 00 00 00 00 00 37
07 25 60 05 04 28 29 00 00
07 25 60 05 04 28 29 00 00
09 27 63 07 06 28 29 00 00 80 04
07 25 60 05 04 28 29 00 00
0B 28 6D 09 00 03 00 00 00 00 00 00 37
07 25 60 05 04 28 29 00 00
07 25 60 05 04 28 29 00 00
07 25 60 05 04 28 29 00 00
09 27 63 07 06 28 29 00 00 80 04
0B 28 6D 09 00 03 00 00 00 00 00 00 37
07 25 60 05 04 28 29 00 00
07 25 60 05 04 28 29 00 00
07 25 60 05 04 28 29 00 00
07 25 60 05 04 28 29 00 00
0B 28 6D 09 00 03 00 00 00 00 00 00 37
09 27 63 07 06 28 29 00 00 80 04
07 25 60 05 04 28 29 00 00
07 25 60 05 04 28 29 00 00
07 25 64 1F 1C 03 28 29 00
1E 3F 1D 06 78 80 00 00 00 00 7D 02 03 00 00 00 00 00 00 00 37 00 00 00 00 00 00 00 00 00 00 00
0B 28 6D 09 00 03 00 00 00 00 00 00 37
07 25 60 05 04 28 29 00 00
07 25 60 05 04 28 29 00 00
09 27 63 07 06 28 29 00 00 80 04
07 25 60 05 04 28 29 00 00
0B 28 6D 09 00 03 00 00 00 00 00 00 37
07 25 64 7E 12 03 28 29 00
14 31 13 69 00 00 01 00 00 00 00 00 00 00 00 00 78 80 00 00 00 00
07 25 64 E8 02 03 28 29 00
04 21 03 EF 00 00
07 25 60 05 04 28 29 00 00
07 25 60 05 04 28 29 00 00
0B 28 6D 09 00 03 00 00 00 00 00 00 37
07 25 60 05 04 28 29 00 00
09 27 63 07 06 28 29 00 00 80 04
07 25 64 E8 02 03 28 29 00
04 21 03 EF 00 00
07 25 64 1F 1C 03 28 29 00
1E 3F 1D 06 78 80 00 00 00 00 7D 02 03 00 00 00 00 00 00 00 37 00 00 00 00 00 00 00 00 00 00 00
0B 28 6D 09 00 03 00 00 00 00 00 00 37
07 25 60 05 04 28 29 00 00
07 25 64 E8 02 03 28 29 00
04 21 03 EF 00 00
07 25 64 E9 10 03 28 29 00
12 33 11 FC 00 00 00 00 E6 00 00 00 F8 01 7A 01 00 00 20 4E
07 25 60 05 04 28 29 00 00
0B 28 6D 09 00 03 00 00 00 00 00 00 37
07 25 60 05 04 28 29 00 00
07 25 60 05 04 28 29 00 00
09 27 63 07 06 28 29 00 00 80 04
07 25 60 05 04 28 29 00 00
07 25 60 05 04 28 29 00 00
0B 28 6D 09 00 03 00 00 00 00 00 00 37
07 25 60 05 04 28 29 00 00
07 25 60 05 04 28 29 00 00
07 25 64 1F 1C 03 28 29 00
1E 3F 1D 06 78 80 00 00 00 00 7D 02 03 00 00 00 00 00 00 00 37 00 00 00 00 00 00 00 00 00 00 00
09 27 63 07 06 28 29 00 00 80 04
0B 28 6D 09 00 03 00 00 00 00 00 00 37
07 25 60 05 04 28 29 00 00
07 25 64 7E 12 03 28 29 00
14 31 13 69 00 00 01 00 00 00 00 00 00 00 00 00 78 80 00 00 00 00
07 25 60 05 04 28 29 00 00
07 25 60 05 04 28 29 00 00
0B 28 6D 09 00 03 00 00 00 00 00 00 37
07 25 60 05 04 28 29 00 00
07 25 64 1F 1C 03 28 29 00
1E 3F 1D 06 78 80 00 00 00 00 7D 02 03 00 00 00 00 00 00 00 37 00 00 00 00 00 00 00 00 00 00 00
09 27 63 07 06 28 29 00 00 80 04
07 25 60 05 04 28 29 00 00
0B 28 6D 09 00 03 00 00 00 00 00 00 37
07 25 60 05 04 28 29 00 00
07 25 60 05 04 28 29 00 00
07 25 60 05 04 28 29 00 00
07 25 64 E9 10 03 28 29 00
12 33 11 FC 00 00 00 00 E6 00 00 00 F8 01 7A 01 00 00 20 4E
0B 28 6D 09 00 03 00 00 00 00 00 00 37
09 27 63 07 06 28 29 00 00 80 04
07 25 60 05 04 28 29 00 00
07 25 60 05 04 28 29 00 00
07 25 60 05 04 28 29 00 00
0B 28 6D 09 00 03 00 00 00 00 00 00 37
07 25 60 05 04 28 29 00 00
09 27 63 07 06 28 29 00 00 80 04
07 25 64 1F 1C 03 28 29 00
1E 3F 1D 06 78 80 00 00 00 00 7D 02 03 00 00 00 00 00 00 00 37 00 00 00 00 00 00 00 00 00 00 00
07 25 60 05 04 28 29 00 00
07 25 60 05 04 28 29 00 00
0B 28 6D 09 00 03 00 00 00 00 00 00 37
07 25 60 05 04 28 29 00 00
07 25 60 05 04 28 29 00 00
09 27 63 07 06 28 29 00 00 80 04
07 25 64 7E 12 03 28 29 00
0B 28 6D 09 00 03 00 00 00 00 00 00 37
14 31 13 69 00 00 01 00 00 00 00 00 00 00 00 00 78 80 00 00 00 00
07 25 60 05 04 28 29 00 00
07 25 60 05 04 28 29 00 00
07 25 60 05 04 28 29 00 00
07 25 64 1F 1C 03 28 29 00
0B 28 6D 09 00 03 00 00 00 00 00 00 37
1E 3F 1D 06 78 80 00 00 00 00 7D 02 03 00 00 00 00 00 00 00 37 00 00 00 00 00 00 00 00 00 00 00
07 25 60 05 04 28 29 00 00
09 27 63 07 06 28 29 00 00 80 04
07 25 60 05 04 28 29 00 00
07 25 64 E9 10 03 28 29 00
12 33 11 FC 00 00 00 00 E6 00 00 00 F8 01 7A 01 00 00 20 4E
0B 28 6D 09 00 03 00 00 00 00 00 00 37
07 25 60 05 04 28 29 00 00
07 25 60 05 04 28 29 00 00
07 25 60 05 04 28 29 00 00
09 27 63 07 06 28 29 00 00 80 04
0B 28 6D 09 00 03 00 00 00 00 00 00 37
07 25 60 05 04 28 29 00 00
07 25 60 05 04 28 29 00 00
07 25 60 05 04 28 29 00 00
07 25 60 05 04 28 29 00 00
0B 28 6D 09 00 03 00 00 00 00 00 00 37
09 27 63 07 06 28 29 00 00 80 04
07 25 60 05 04 28 29 00 00
07 25 64 1F 1C 03 28 29 00
1E 3F 1D 06 78 80 00 00 00 00 7D 02 03 00 00 00 00 00 00 00 37 00 00 00 00 00 00 00 00 00 00 00
07 25 60 05 04 28 29 00 00
0B 28 6D 09 00 03 00 00 00 00 00 00 37
07 25 60 05 04 28 29 00 00
07 25 60 05 04 28 29 00 00
07 25 64 7E 12 03 28 29 00
14 31 13 69 00 00 01 00 00 00 00 00 00 00 00 00 78 80 00 00 00 00
09 27 63 07 06 28 29 00 00 80 04
07 25 60 05 04 28 29 00 00
0B 28 6D 09 00 03 00 00 00 00 00 00 37
07 25 64 1F 1C 03 28 29 00
1E 3F 1D 06 78 80 00 00 00 00 7D 02 03 00 00 00 00 00 00 00 37 00 00 00 00 00 00 00 00 00 00 00
07 25 60 05 04 28 29 00 00
07 25 60 05 04 28 29 00 00
07 25 60 05 04 28 29 00 00
0B 28 6D 09 00 03 00 00 00 00 00 00 37
09 27 63 07 06 28 29 00 00 80 04
07 25 60 05 04 28 29 00 00
07 25 64 E9 10 03 28 29 00
12 33 11 FC 00 00 00 00 E6 00 00 00 F8 01 7A 01 00 00 20 4E
07 25 60 05 04 28 29 00 00
0B 28 6D 09 00 03 00 00 00 00 00 00 37
07 25 60 05 04 28 29 00 00
07 25 60 05 04 28 29 00 00
09 27 63 07 06 28 29 00 00 80 04
07 25 60 05 04 28 29 00 00
0B 28 6D 09 00 03 00 00 00 00 00 00 37
07 25 60 05 04 28 29 00 00
07 25 60 05 04 28 29 00 00
07 25 60 05 04 28 29 00 00
07 25 64 1F 1C 03 28 29 00
1E 3F 1D 06 78 80 00 00 00 00 7D 02 03 00 00 00 00 00 00 00 37 00 00 00 00 00 00 00 00 00 00 00
0B 28 6D 09 00 03 00 00 00 00 00 00 37
09 27 63 07 06 28 29 00 00 80 04
07 25 60 05 04 28 29 00 00
07 25 60 05 04 28 29 00 00
07 25 64 7E 12 03 28 29 00
14 31 13 69 00 00 01 00 00 00 00 00 00 00 00 00 78 80 00 00 00 00
0B 28 6D 09 00 03 00 00 00 00 00 00 37
07 25 60 05 04 28 29 00 00
07 25 60 05 04 28 29 00 00
09 27 63 07 06 28 29 00 00 80 04
07 25 64 1F 1C 03 28 29 00
1E 3F 1D 06 78 80 00 00 00 00 7D 02 03 00 00 00 00 00 00 00 37 00 00 00 00 00 00 00 00 00 00 00
0B 28 6D 09 00 03 00 00 00 00 00 00 37
07 25 60 05 04 28 29 00 00
07 25 60 05 04 28 29 00 00
07 25 60 05 04 28 29 00 00
07 25 60 05 04 28 29 00 00
07 25 64 E9 10 03 28 29 00
0B 28 6D 09 00 03 00 00 00 00 00 00 37
12 33 11 FC 00 00 00 00 E6 00 00 00 F8 01 7A 01 00 00 20 4E
09 27 63 07 06 28 29 00 00 80 04
07 25 60 05 04 28 29 00 00
07 25 60 05 04 28 29 00 00
07 25 60 05 04 28 29 00 00
0B 28 6D 09 00 03 00 00 00 00 00 00 37
07 25 60 05 04 28 29 00 00
09 27 63 07 06 28 29 00 00 80 04
07 25 60 05 04 28 29 00 00
07 25 60 05 04 28 29 00 00
0B 28 6D 09 00 03 00 00 00 00 00 00 37
07 25 60 05 04 28 29 00 00
07 25 64 1F 1C 03 28 29 00
1E 3F 1D 06 78 80 00 00 00 00 7D 02 03 00 00 00 00 00 00 00 37 00 00 00 00 00 00 00 00 00 00 00
07 25 60 05 04 28 29 00 00
09 27 63 07 06 28 29 00 00 80 04
0B 28 6D 09 00 03 00 00 00 00 00 00 37
07 25 60 05 04 28 29 00 00
07 25 64 7E 12 03 28 29 00
14 31 13 69 00 00 01 00 00 00 00 00 00 00 00 00 78 80 00 00 00 00
07 25 60 05 04 28 29 00 00
07 25 60 05 04 28 29 00 00
0B 28 6D 09 00 03 00 00 00 00 00 00 37
07 25 64 1F 1C 03 28 29 00
1E 3F 1D 06 78 80 00 00 00 00 7D 02 03 00 00 00 00 00 00 00 37 00 00 00 00 00 00 00 00 00 00 00
07 25 60 05 04 28 29 00 00
09 27 63 07 06 28 29 00 00 80 04
07 25 60 05 04 28 29 00 00
0B 28 6D 09 00 03 00 00 00 00 00 00 37
07 25 60 05 04 28 29 00 00
07 25 60 05 04 28 29 00 00
07 25 64 E9 10 03 28 29 00
12 33 11 FC 00 00 00 00 E6 00 00 00 F8 01 7A 01 00 00 20 4E
07 25 60 05 04 28 29 00 00
09 27 63 07 06 28 29 00 00 80 04
0B 28 6D 09 00 03 00 00 00 00 00 00 37
07 25 60 05 04 28 29 00 00
07 25 60 05 04 28 29 00 00
07 25 60 05 04 28 29 00 00
07 25 60 05 04 28 29 00 00
0B 28 6D 09 00 03 00 00 00 00 00 00 37
07 25 64 1F 1C 03 28 29 00
1E 3F 1D 06 78 80 00 00 00 00 7D 02 03 00 00 00 00 00 00 00 37 00 00 00 00 00 00 00 00 00 00 00
09 27 63 07 06 28 29 00 00 80 04
07 25 60 05 04 28 29 00 00
07 25 60 05 04 28 29 00 00
0B 28 6D 09 00 03 00 00 00 00 00 00 37
07 25 60 05 04 28 29 00 00
07 25 60 05 04 28 29 00 00
07 25 64 7E 12 03 28 29 00
14 31 13 69 00 00 01 00 00 00 00 00 00 00 00 00 78 80 00 00 00 00
09 27 63 07 06 28 29 00 00 80 04
0B 28 6D 09 00 03 00 00 00 00 00 00 37
07 25 60 05 04 28 29 00 00
07 25 60 05 04 28 29 00 00
07 25 64 1F 1C 03 28 29 00
1E 3F 1D 06 78 80 00 00 00 00 7D 02 03 00 00 00 00 00 00 00 37 00 00 00 00 00 00 00 00 00 00 00
07 25 60 05 04 28 29 00 00
0B 28 6D 09 00 03 00 00 00 00 00 00 37
07 25 60 05 04 28 29 00 00
09 27 63 07 06 28 29 00 00 80 04
07 25 60 05 04 28 29 00 00
07 25 64 E9 10 03 28 29 00
12 33 11 FC 00 00 00 00 E6 00 00 00 F8 01 7A 01 00 00 20 4E
0B 28 6D 09 00 03 00 00 00 00 00 00 37
07 25 60 05 04 28 29 00 00
07 25 60 05 04 28 29 00 00
07 25 60 05 04 28 29 00 00
09 27 63 07 06 28 29 00 00 80 04
0B 28 6D 09 00 03 00 00 00 00 00 00 37
07 25 60 05 04 28 29 00 00
07 25 60 05 04 28 29 00 00
07 25 60 05 04 28 29 00 00
07 25 60 05 04 28 29 00 00
09 27 63 07 06 28 29 00 00 80 04
0B 28 6D 09 00 03 00 00 00 00 00 00 37
07 25 64 1F 1C 03 28 29 00
1E 3F 1D 06 78 80 00 00 00 00 7D 02 03 00 00 00 00 00 00 00 37 00 00 00 00 00 00 00 00 00 00 00
07 25 60 05 04 28 29 00 00
07 25 60 05 04 28 29 00 00
07 25 60 05 04 28 29 00 00
0B 28 6D 09 00 03 00 00 00 00 00 00 37
07 25 64 7E 12 03 28 29 00
14 31 13 69 00 00 01 00 00 00 00 00 00 00 00 00 78 80 00 00 00 00
07 25 60 05 04 28 29 00 00
09 27 63 07 06 28 29 00 00 80 04
07 25 64 1F 1C 03 28 29 00
1E 3F 1D 06 78 80 00 00 00 00 7D 02 03 00 00 00 00 00 00 00 37 00 00 00 00 00 00 00 00 00 00 00
0B 28 6D 09 00 03 00 00 00 00 00 00 37
07 25 60 05 04 28 29 00 00
07 25 60 05 04 28 29 00 00
07 25 60 05 04 28 29 00 00
07 25 60 05 04 28 29 00 00
0B 28 6D 09 00 03 00 00 00 00 00 00 37
09 27 63 07 06 28 29 00 00 80 04
07 25 64 E9 10 03 28 29 00
12 33 11 FC 00 00 00 00 E6 00 00 00 F8 01 7A 01 00 00 20 4E
07 25 60 05 04 28 29 00 00
07 25 60 05 04 28 29 00 00
0B 28 6D 09 00 03 00 00 00 00 00 00 37
07 25 60 05 04 28 29 00 00
07 25 60 05 04 28 29 00 00
09 27 63 07 06 28 29 00 00 80 04
07 25 60 05 04 28 29 00 00
0B 28 6D 09 00 03 00 00 00 00 00 00 37
07 25 60 05 04 28 29 00 00
07 25 60 05 04 28 29 00 00
07 25 64 1F 1C 03 28 29 00
1E 3F 1D 06 78 80 00 00 00 00 7D 02 03 00 00 00 00 00 00 00 37 00 00 00 00 00 00 00 00 00 00 00
07 25 60 05 04 28 29 00 00
0B 28 6D 09 00 03 00 00 00 00 00 00 37
09 27 63 07 06 28 29 00 00 80 04
07 25 60 05 04 28 29 00 00
07 25 64 7E 12 03 28 29 00
14 31 13 69 00 00 01 00 00 00 00 00 00 00 00 00 78 80 00 00 00 00
07 25 60 05 04 28 29 00 00
07 25 60 05 04 28 29 00 00
0B 28 6D 09 00 03 00 00 00 00 00 00 37
07 25 60 05 04 28 29 00 00
07 25 64 1F 1C 03 28 29 00
1E 3F 1D 06 78 80 00 00 00 00 7D 02 03 00 00 00 00 00 00 00 37 00 00 00 00 00 00 00 00 00 00 00
09 27 63 07 06 28 29 00 00 80 04
07 25 60 05 04 28 29 00 00
0B 28 6D 09 00 03 00 00 00 00 00 00 37
07 25 60 05 04 28 29 00 00
07 25 60 05 04 28 29 00 00
07 25 60 05 04 28 29 00 00
07 25 64 1F 32 03 28 29 00 CA FE 00 03 00 00 00 00 00 00 37
09 27 63 07 06 28 29 00 00 80 04
07 25 60 05 04 28 29 00 00
07 25 60 05 04 28 29 00 00
07 25 60 05 04 28 29 00 00
0B 28 6D 09 00 03 00 00 00 00 00 00 37
07 25 64 6D 02 03 28 29 00
04 21 03 6A 80 04
07 25 60 05 04 28 29 00 00
09 27 63 07 06 28 29 00 00 80 04
07 25 60 05 04 28 29 00 00
0B 28 6D 09 00 03 00 00 00 00 00 00 37
07 25 60 05 04 28 29 00 00
07 25 60 05 04 28 29 00 00
07 25 64 37 32 03 28 29 00
34 11 33 00 BA 69 00 00 00 00 00 00 00 00 00 00 00 00 00 00 09 00 00 00 00 00 00 00 00 00 00 00 00 00 00 00 00 00 00 00 00 00 00 00 00 00 9D 0E 00 00 00 00 00 00
07 25 60 05 04 28 29 00 00
0B 28 6D 09 00 03 00 00 00 00 00 00 37
09 27 63 07 06 28 29 00 00 80 04
07 25 60 05 04 28 29 00 00
07 25 60 05 04 28 29 00 00
03 23 00 31 18
07 25 60 05 04 28 29 00 00
0B 28 6D 09 00 03 00 00 00 00 00 00 37
07 25 60 05 04 28 29 00 00
09 27 63 07 06 28 29 00 00 80 04
07 25 60 05 04 28 29 00 00
07 25 60 05 04 28 29 00 00
0B 28 6D 09 00 03 00 00 00 00 00 00 37
07 25 64 BE 06 03 28 29 00
08 25 07 BD 31 00 00 00 00 00
07 25 60 05 04 28 29 00 00
07 25 60 05 04 28 29 00 00
09 27 63 07 06 28 29 00 00 80 04
0B 28 6D 09 00 03 00 00 00 00 00 00 37
07 25 60 05 04 28 29 00 00
07 25 60 05 04 28 29 00 00
07 25 60 05 04 28 29 00 00
07 25 60 05 04 28 29 00 00
0B 28 6D 09 00 03 00 00 00 00 00 00 37
09 27 63 07 06 28 29 00 00 80 04
07 25 60 05 04 28 29 00 00
07 25 60 05 04 28 29 00 00
07 25 64 1F 32 03 28 29 00
34 11 33 28 78 80 00
07 25 60 05 04 28 29 00 00
07 25 60 05 04 28 29 00 00
09 27 63 07 06 28 29 00 00 80 04
07 25 60 05 04 28 29 00 00
0B 28 6D 09 00 03 00 00 00 00 00 00 37
07 25 60 05 04 28 29 00 00
07 25 64 6D 02 03 28 29 00
04 21 03 6A 80 04
07 25 60 05 04 28 29 00 00
07 25 60 05 04 28 29 00 00
0B 28 6D 09 00 03 00 00 00 00 00 00 37
09 27 63 07 06 28 29 00 00 80 04
07 25 60 05 04 28 29 00 00
07 25 60 05 04 28 29 00 00
07 25 64 37 32 03 28 29 00
34 11 33 00 BB 69 00 00 00 00 00 00 00 00 00 00 00 00 00 00 0A 00 00 00 00 00 00 00 00 00 00 00 00 00 00 00 00 00 00 00 00 00 00 00 00 00 9D 0E FF FF 00 00 00 00
0B 28 6D 09 00 03 00 00 00 00 00 00 37
07 25 60 05 04 28 29 00 00
07 25 60 05 04 28 29 00 00
09 27 63 07 06 28 29 00 00 80 04
07 25 60 05 04 28 29 00 00
0B 28 6D 09 00 03 00 00 00 00 00 00 37
03 23 00 31 18
07 25 60 05 04 28 29 00 00
07 25 60 05 04 28 29 00 00
07 25 60 05 04 28 29 00 00
0B 28 6D 09 00 03 00 00 00 00 00 00 37
09 27 63 07 06 28 29 00 00 80 04
07 25 64 BE 06 03 28 29 00
08 25 07 BD 31 00 00 00 00 00
07 25 60 05 04 28 29 00 00
07 25 60 05 04 28 29 00 00
07 25 60 05 04 28 29 00 00
0B 28 6D 09 00 03 00 00 00 00 00 00 37
07 25 60 05 04 28 29 00 00
09 27 63 07 06 28 29 00 00 80 04
07 25 60 05 04 28 29 00 00
07 25 60 05 04 28 29 00 00
0B 28 6D 09 00 03 00 00 00 00 00 00 37
07 25 60 05 04 28 29 00 00
07 25 60 05 04 28 29 00 00
09 27 63 07 06 28 29 00 00 80 04
07 25 60 05 04 28 29 00 00
0B 28 6D 09 00 03 00 00 00 00 00 00 37
07 25 64 1F 32 03 28 29 00
34 11 33 28 78 80 00 00 00 00 7D 02 03 00 00 00 00 00 00 00 37 00 00 00 00 00 00 00 00 00 00 00 00 00 36 48 00 00 00 00 00 00 00 00 00 00 00 00 00 00 00 00 BB 69
07 25 60 05 04 28 29 00 00
07 25 60 05 04 28 29 00 00
07 25 60 05 04 28 29 00 00
0B 28 6D 09 00 03 00 00 00 00 00 00 37
09 27 63 07 06 28 29 00 00 80 04
07 25 64 6D 02 03 28 29 00
04 21 03 6A 80 04
07 25 60 05 04 28 29 00 00
07 25 60 05 04 28 29 00 00
0B 28 6D 09 00 03 00 00 00 00 00 00 37
07 25 60 05 04 28 29 00 00
07 25 60 05 04 28 29 00 00
09 27 63 07 06 28 29 00 00 80 04
07 25 64 37 32 03 28 29 00
34 11 33 00 BC 69 00
07 25 60 05 04 28 29 00 00
07 25 60 05 04 28 29 00 00
07 25 60 05 04 28 29 00 00
07 25 60 05 04 28 29 00 00
0B 28 6D 09 00 03 00 00 00 00 00 00 37
03 23 00 31 18
09 27 63 07 06 28 29 00 00 80 04
07 25 60 05 04 28 29 00 00
07 25 60 05 04 28 29 00 00
0B 28 6D 09 00 03 00 00 00 00 00 00 37
07 25 60 05 04 28 29 00 00
07 25 60 05 04 28 29 00 00
07 25 64 BE 06 03 28 29 00
08 25 07 BD 30 00 00 00 00 00
09 27 63 07 06 28 29 00 00 80 04
07 25 60 05 04 28 29 00 00
0B 28 6D 09 00 03 00 00 00 00 00 00 37
07 25 60 05 04 28 29 00 00
07 25 60 05 04 28 29 00 00
07 25 60 05 04 28 29 00 00
09 27 63 07 06 28 29 00 00 80 04
0B 28 6D 09 00 03 00 00 00 00 00 00 37
07 25 60 05 04 28 29 00 00
07 25 60 05 04 28 29 00 00
07 25 60 05 04 28 29 00 00
07 25 60 05 04 28 29 00 00
0B 28 6D 09 00 03 00 00 00 00 00 00 37
07 25 64 1F 32 03 28 29 00
34 11 33 28 78 80 00 00 00 00 7D 02 03 00 00 00 00 00 00 00 37 00 00 00 00 00 00 00 00 00 00 00 00 00 36 48 00 00 00 00 00 00 00 00 00 00 00 00 00 00 00 00 BC 69
09 27 63 07 06 28 29 00 00 80 04
07 25 60 05 04 28 29 00 00
07 25 60 05 04 28 29 00 00
0B 28 6D 09 00 03 00 00 00 00 00 00 37
07 25 64 6D 02 03 28 29 00
04 21 03 6A 80 04
07 25 60 05 04 28 29 00 00
07 25 60 05 04 28 29 00 00
09 27 63 07 06 28 29 00 00 80 04
0B 28 6D 09 00 03 00 00 00 00 00 00 37
07 25 60 05 04 28 29 00 00
07 25 60 05 04 28 29 00 00
07 25 64 37 32 03 28 29 00
34 11 33 00 BC 69 00 00 00 00 00 00 00 00 00 00 00 00 00 00 0B 00 00 00 00 00 00 00 00 00 00 00 00 00 00 00 00 00 00 00 00 00 00 00 00 00 9D 0E FF FF 00 00 00 00
07 25 60 05 04 28 29 00 00
0B 28 6D 09 00 03 00 00 00 00 00 00 37
07 25 60 05 04 28 29 00 00
09 27 63 07 06 28 29 00 00 80 04
07 25 60 05 04 28 29 00 00
03 23 00 31 18
07 25 60 05 04 28 29 00 00
0B 28 6D 09 00 03 00 00 00 00 00 00 37
07 25 60 05 04 28 29 00 00
07 25 60 05 04 28 29 00 00
09 27 63 07 06 28 29 00 00 80 04
07 25 60 05 04 28 29 00 00
0B 28 6D 09 00 03 00 00 00 00 00 00 37
07 25 64 BE 06 03 28 29 00
08 25 07 BD 31 00 00 00 00 00
07 25 60 05 04 28 29 00 00
07 25 60 05 04 28 29 00 00
07 25 60 05 04 28 29 00 00
0B 28 6D 09 00 03 00 00 00 00 00 00 37
09 27 63 07 06 28 29 00 00 80 04
07 25 60 05 04 28 29 00 00
07 25 60 05 04 28 29 00 00
07 25 60 05 04 28 29 00 00
0B 28 6D 09 00 03 00 00 00 00 00 00 37
07 25 60 05 04 28 29 00 00
09 27 63 07 06 28 29 00 00 80 04
07 25 60 05 04 28 29 00 00
07 25 64 1F 32 03 28 29 00
34 11 33 28 78 80 00
07 25 60 05 04 28 29 00 00
07 25 60 05 04 28 29 00 00
07 25 60 05 04 28 29 00 00
09 27 63 07 06 28 29 00 00 80 04
0B 28 6D 09 00 03 00 00 00 00 00 00 37
07 25 60 05 04 28 29 00 00
07 25 60 05 04 28 29 00 00
07 25 60 05 04 28 29 00 00
07 25 64 6D 02 03 28 29 00
04 21 03 6A 80 04
0B 28 6D 09 00 03 00 00 00 00 00 00 37
07 25 60 05 04 28 29 00 00
09 27 63 07 06 28 29 00 00 80 04
07 25 60 05 04 28 29 00 00
07 25 60 05 04 28 29 00 00
07 25 64 37 32 03 28 29 00 B2 FE 00 9D 0E FF FF 00 00 00 00
07 25 60 05 04 28 29 00 00
07 25 60 05 04 28 29 00 00
09 27 63 07 06 28 29 00 00 80 04
07 25 60 05 04 28 29 00 00
0B 28 6D 09 00 03 00 00 00 00 00 00 37
07 25 60 05 04 28 29 00 00
03 23 00 31 18
07 25 60 05 04 28 29 00 00
07 25 60 05 04 28 29 00 00
0B 28 6D 09 00 03 00 00 00 00 00 00 37
09 27 63 07 06 28 29 00 00 80 04
07 25 60 05 04 28 29 00 00
07 25 64 BE 06 03 28 29 00
08 25 07 BD 31 00 00 00 00 00
07 25 60 05 04 28 29 00 00
0B 28 6D 09 00 03 00 00 00 00 00 00 37
07 25 60 05 04 28 29 00 00
07 25 60 05 04 28 29 00 00
09 27 63 07 06 28 29 00 00 80 04
07 25 60 05 04 28 29 00 00
0B 28 6D 09 00 03 00 00 00 00 00 00 37
07 25 60 05 04 28 29 00 00
07 25 60 05 04 28 29 00 00
07 25 60 05 04 28 29 00 00
09 27 63 07 06 28 29 00 00 80 04
0B 28 6D 09 00 03 00 00 00 00 00 00 37
07 25 64 1F 32 03 28 29 00
34 11 33 28 78 80 00 00 00 00 7D 02 03 00 00 00 00 00 00 00 37 00 00 00 00 00 00 00 00 00 00 00 00 00 36 48 00 00 00 00 00 00 00 00 00 00 00 00 00 00 00 00 BE 69
07 25 60 05 04 28 29 00 00
07 25 60 05 04 28 29 00 00
07 25 60 05 04 28 29 00 00
0B 28 6D 09 00 03 00 00 00 00 00 00 37
07 25 60 05 04 28 29 00 00
07 25 64 6D 02 03 28 29 00
04 21 03 6A 80 04
09 27 63 07 06 28 29 00 00 80 04
07 25 60 05 04 28 29 00 00
0B 28 6D 09 00 03 00 00 00 00 00 00 37
07 25 60 05 04 28 29 00 00
07 25 60 05 04 28 29 00 00
07 25 60 05 04 28 29 00 00
07 25 64 37 32 03 28 29 00
34 11 33 00 BE 69 00 00 00 00 00 00 00 00 00 00 00 00 00 00 0D 00 00 00 00 00 00 00 00 00 00 00 00 00 00 00 00 00 00 00 00 00 00 00 00 00 9D 0E 00 00 00 00 00 00
0B 28 6D 09 00 03 00 00 00 00 00 00 37
09 27 63 07 06 28 29 00 00 80 04
07 25 60 05 04 28 29 00 00
03 23 00 31 18
07 25 60 05 04 28 29 00 00
0B 28 6D 09 00 03 00 00 00 00 00 00 37
07 25 60 05 04 28 29 00 00
07 25 60 05 04 28 29 00 00
09 27 63 07 06 28 29 00 00 80 04
07 25 60 05 04 28 29 00 00
0B 28 6D 09 00 03 00 00 00 00 00 00 37
07 25 64 BE 06 03 28 29 00
08 25 07 BD 31 00 00 00 00 00
07 25 60 05 04 28 29 00 00
07 25 60 05 04 28 29 00 00
07 25 60 05 04 28 29 00 00
09 27 63 07 06 28 29 00 00 80 04
0B 28 6D 09 00 03 00 00 00 00 00 00 37
07 25 60 05 04 28 29 00 00
07 25 60 05 04 28 29 00 00
07 25 60 05 04 28 29 00 00
07 25 60 05 04 28 29 00 00
0B 28 6D 09 00 03 00 00 00 00 00 00 37
09 27 63 07 06 28 29 00 00 80 04
07 25 60 05 04 28 29 00 00
07 25 64 1F 32 03 28 29 00
34 11 33 28 78 80 00 00 00 00 7D 02 03 00 00 00 00 00 00 00 37 00 00 00 00 00 00 00 00 00 00 00 00 00 36 48 00 00 00 00 00 00 00 00 00 00 00 00 00 00 00 00 BE 69
0B 28 6D 09 00 03 00 00 00 00 00 00 37
07 25 60 05 04 28 29 00 00
07 25 60 05 04 28 29 00 00
07 25 60 05 04 28 29 00 00
09 27 63 07 06 28 29 00 00 80 04
07 25 64 6D 02 03 28 29 00
0B 28 6D 09 00 03 00 00 00 00 00 00 37
04 21 03 6A 80 04
07 25 60 05 04 28 29 00 00
07 25 60 05 04 28 29 00 00
07 25 60 05 04 28 29 00 00
07 25 60 05 04 28 29 00 00
0B 28 6D 09 00 03 00 00 00 00 00 00 37
09 27 63 07 06 28 29 00 00 80 04
07 25 64 37 32 03 28 29 00
34 11 33 00 BF 69 00 00 00 00 00 00 00 00 00 00 00 00 00 00 0E 00 00 00 00 00 00 00 00 00 00 00 00 00 00 00 00 00 00 00 00 00 00 00 00 00 9D 0E FF FF 00 00 00 00
07 25 60 05 04 28 29 00 00
07 25 60 05 04 28 29 00 00
0B 28 6D 09 00 03 00 00 00 00 00 00 37
07 25 60 05 04 28 29 00 00
07 25 60 05 04 28 29 00 00
09 27 63 07 06 28 29 00 00 80 04
03 23 00 31 18
0B 28 6D 09 00 03 00 00 00 00 00 00 37
07 25 60 05 04 28 29 00 00
07 25 60 05 04 28 29 00 00
07 25 60 05 04 28 29 00 00
07 25 60 05 04 28 29 00 00
0B 28 6D 09 00 03 00 00 00 00 00 00 37
07 25 64 BE 06 03 28 29 00
08 25 07 BD 31 00 00 00 00 00
09 27 63 07 06 28 29 00 00 80 04
07 25 60 05 04 28 29 00 00
07 25 60 05 04 28 29 00 00
0B 28 6D 09 00 03 00 00 00 00 00 00 37
07 25 60 05 04 28 29 00 00
07 25 60 05 04 28 29 00 00
09 27 63 07 06 28 29 00 00 80 04
07 25 60 05 04 28 29 00 00
0B 28 6D 09 00 03 00 00 00 00 00 00 37
07 25 60 05 04 28 29 00 00
07 25 60 05 04 28 29 00 00
07 25 60 05 04 28 29 00 00
09 27 63 07 06 28 29 00 00 80 04
07 25 64 1F 32 03 28 29 00 CA FE 00 00 00 00 00 00 00 BF 69
07 25 60 05 04 28 29 00 00
07 25 60 05 04 28 29 00 00
07 25 64 6D 02 03 28 29 00
04 21 03 6A 80 04
07 25 60 05 04 28 29 00 00
0B 28 6D 09 00 03 00 00 00 00 00 00 37
07 25 60 05 04 28 29 00 00
09 27 63 07 06 28 29 00 00 80 04
07 25 60 05 04 28 29 00 00
07 25 60 05 04 28 29 00 00
0B 28 6D 09 00 03 00 00 00 00 00 00 37
07 25 60 05 04 28 29 00 00
07 25 60 05 04 28 29 00 00
07 25 64 37 32 03 28 29 00
34 11 33 00 BF 69 00 00 00 00 00 00 00 00 00 00 00 00 00 00 0E 00 00 00 00 00 00 00 00 00 00 00 00 00 00 00 00 00 00 00 00 00 00 00 00 00 9D 0E 00 00 00 00 00 00
0B 28 6D 09 00 03 00 00 00 00 00 00 37
09 27 63 07 06 28 29 00 00 80 04
07 25 60 05 04 28 29 00 00
03 23 00 31 18
07 25 60 05 04 28 29 00 00
07 25 60 05 04 28 29 00 00
0B 28 6D 09 00 03 00 00 00 00 00 00 37
07 25 60 05 04 28 29 00 00
09 27 63 07 06 28 29 00 00 80 04
07 25 60 05 04 28 29 00 00
07 25 64 BE 06 03 28 29 00
08 25 07 BD 31 00 00 00 00 00
0B 28 6D 09 00 03 00 00 00 00 00 00 37
07 25 60 05 04 28 29 00 00
07 25 60 05 04 28 29 00 00
07 25 60 05 04 28 29 00 00
09 27 63 07 06 28 29 00 00 80 04
0B 28 6D 09 00 03 00 00 00 00 00 00 37
07 25 60 05 04 28 29 00 00
07 25 60 05 04 28 29 00 00
07 25 60 05 04 28 29 00 00
07 25 60 05 04 28 29 00 00
0B 28 6D 09 00 03 00 00 00 00 00 00 37
09 27 63 07 06 28 29 00 00 80 04
07 25 60 05 04 28 29 00 00
07 25 64 1F 32 03 28 29 00
34 11 33 28 78 80 00 00 00 00 7D 02 03 00 00 00 00 00 00 00 37 00 00 00 00 00 00 00 00 00 00 00 00 00 36 48 00 00 00 00 00 00 00 00 00 00 00 00 00 00 00 00 C0 69
07 25 60 05 04 28 29 00 00
0B 28 6D 09 00 03 00 00 00 00 00 00 37
07 25 60 05 04 28 29 00 00
07 25 60 05 04 28 29 00 00
09 27 63 07 06 28 29 00 00 80 04
07 25 60 05 04 28 29 00 00
07 25 64 6D 02 03 28 29 00
0B 28 6D 09 00 03 00 00 00 00 00 00 37
04 21 03 6A 80 04
07 25 60 05 04 28 29 00 00
07 25 60 05 04 28 29 00 00
07 25 60 05 04 28 29 00 00
09 27 63 07 06 28 29 00 00 80 04
0B 28 6D 09 00 03 00 00 00 00 00 00 37
07 25 64 37 32 03 28 29 00
34 11 33 00 C0 69 00 00 00 00 00 00 00 00 00 00 00 00 00 00 0F 00 00 00 00 00 00 00 00 00 00 00 00 00 00 00 00 00 00 00 00 00 00 00 00 00 9D 0E 00 00 00 00 00 00
07 25 60 05 04 28 29 00 00
07 25 60 05 04 28 29 00 00
07 25 60 05 04 28 29 00 00
0B 28 6D 09 00 03 00 00 00 00 00 00 37
07 25 60 05 04 28 29 00 00
09 27 63 07 06 28 29 00 00 80 04
03 23 00 31 18
07 25 60 05 04 28 29 00 00
0B 28 6D 09 00 03 00 00 00 00 00 00 37
07 25 60 05 04 28 29 00 00
07 25 60 05 04 28 29 00 00
07 25 60 05 04 28 29 00 00
07 25 64 BE 06 03 28 29 00
08 25 07 BD 31 00 00 00 00 00
0B 28 6D 09 00 03 00 00 00 00 00 00 37
09 27 63 07 06 28 29 00 00 80 04
07 25 60 05 04 28 29 00 00
07 25 60 05 04 28 29 00 00
07 25 60 05 04 28 29 00 00
0B 28 6D 09 00 03 00 00 00 00 00 00 37
07 25 60 05 04 28 29 00 00
09 27 63 07 06 28 29 00 00 80 04
07 25 60 05 04 28 29 00 00
07 25 60 05 04 28 29 00 00
0B 28 6D 09 00 03 00 00 00 00 00 00 37
07 25 60 05 04 28 29 00 00
07 25 60 05 04 28 29 00 00
09 27 63 07 06 28 29 00 00 80 04
07 25 64 1F 32 03 28 29 00
34 11 33 28 78 80 00 00 00 00 7D 02 03 00 00 00 00 00 00 00 37 00 00 00 00 00 00 00 00 00 00 00 00 00 36 48 00 00 00 00 00 00 00 00 00 00 00 00 00 00 00 00 C1 69
0B 28 6D 09 00 03 00 00 00 00 00 00 37
07 25 60 05 04 28 29 00 00
07 25 60 05 04 28 29 00 00
07 25 60 05 04 28 29 00 00
07 25 60 05 04 28 29 00 00
0B 28 6D 09 00 03 00 00 00 00 00 00 37
07 25 64 6D 02 03 28 29 00
04 21 03 6A 80 04
09 27 63 07 06 28 29 00 00 80 04
07 25 60 05 04 28 29 00 00
07 25 60 05 04 28 29 00 00
0B 28 6D 09 00 03 00 00 00 00 00 00 37
07 25 60 05 04 28 29 00 00
07 25 64 37 32 03 28 29 00
34 11 33 00 C1 69 00 00 00 00 00 00 00 00 00 00 00 00 00 00 10 00 00 00 00 00 00 00 00 00 00 00 00 00 00 00 00 00 00 00 00 00 00 00 00 00 9D 0E FF FF 00 00 00 00
07 25 60 05 04 28 29 00 00
09 27 63 07 06 28 29 00 00 80 04
0B 28 6D 09 00 03 00 00 00 00 00 00 37
07 25 60 05 04 28 29 00 00
07 25 60 05 04 28 29 00 00
07 25 60 05 04 28 29 00 00
03 23 00 31 18
0B 28 6D 09 00 03 00 00 00 00 00 00 37
07 25 60 05 04 28 29 00 00
09 27 63 07 06 28 29 00 00 80 04
07 25 60 05 04 28 29 00 00
07 25 64 BE 06 03 28 29 00
08 25 07 BD 31 00 00 00 00 00
07 25 60 05 04 28 29 00 00
0B 28 6D 09 00 03 00 00 00 00 00 00 37
07 25 60 05 04 28 29 00 00
07 25 60 05 04 28 29 00 00
09 27 63 07 06 28 29 00 00 80 04
07 25 60 05 04 28 29 00 00
0B 28 6D 09 00 03 00 00 00 00 00 00 37
07 25 60 05 04 28 29 00 00
07 25 60 05 04 28 29 00 00
07 25 60 05 04 28 29 00 00
09 27 63 07 06 28 29 00 00 80 04
0B 28 6D 09 00 03 00 00 00 00 00 00 37
07 25 60 05 04 28 29 00 00
07 25 64 1F 32 03 28 29 00
34 11 33 28 78 80 00 00 00 00 7D 02 03 00 00 00 00 00 00 00 37 00 00 00 00 00 00 00 00 00 00 00 00 00 36 48 00 00 00 00 00 00 00 00 00 00 00 00 00 00 00 00 C2 69
07 25 60 05 04 28 29 00 00
07 25 60 05 04 28 29 00 00
0B 28 6D 09 00 03 00 00 00 00 00 00 37
07 25 60 05 04 28 29 00 00
09 27 63 07 06 28 29 00 00 80 04
07 25 64 6D 02 03 28 29 00
04 21 03 6A 80 04
07 25 60 05 04 28 29 00 00
0B 28 6D 09 00 03 00 00 00 00 00 00 37
07 25 60 05 04 28 29 00 00
07 25 60 05 04 28 29 00 00
07 25 60 05 04 28 29 00 00
09 27 63 07 06 28 29 00 00 80 04
0B 28 6D 09 00 03 00 00 00 00 00 00 37
07 25 64 37 32 03 28 29 00
34 11 33 00 C2 69 00 00 00 00 00 00 00 00 00 00 00 00 00 00 11 00 00 00 00 00 00 00 00 00 00 00 00 00 00 00 00 00 00 00 00 00 00 00 00 00 9D 0E 00 00 00 00 00 00
07 25 60 05 04 28 29 00 00
07 25 60 05 04 28 29 00 00
07 25 60 05 04 28 29 00 00
0B 28 6D 09 00 03 00 00 00 00 00 00 37
07 25 60 05 04 28 29 00 00
09 27 63 07 06 28 29 00 00 80 04
03 23 00 31 18
07 25 60 05 04 28 29 00 00
0B 28 6D 09 00 03 00 00 00 00 00 00 37
07 25 60 05 04 28 29 00 00
07 25 60 05 04 28 29 00 00
07 25 60 05 04 28 29 00 00
07 25 64 BE 06 03 28 29 00
08 25 07 BD 31 00 00 00 00 00
09 27 63 07 06 28 29 00 00 80 04
0B 28 6D 09 00 03 00 00 00 00 00 00 37
07 25 60 05 04 28 29 00 00
07 25 60 05 04 28 29 00 00
07 25 60 05 04 28 29 00 00
07 25 60 05 04 28 29 00 00
0B 28 6D 09 00 03 00 00 00 00 00 00 37
09 27 63 07 06 28 29 00 00 80 04
07 25 60 05 04 28 29 00 00
07 25 60 05 04 28 29 00 00
07 25 60 05 04 28 29 00 00
0B 28 6D 09 00 03 00 00 00 00 00 00 37
07 25 64 1F 32 03 28 29 00
34 11 33 28 78 80 00 00 00 00 7D 02 03 00 00 00 00 00 00 00 37 00 00 00 00 00 00 00 00 00 00 00 00 00 36 48 00 00 00 00 00 00 00 00 00 00 00 00 00 00 00 00 C2 69
07 25 60 05 04 28 29 00 00
09 27 63 07 06 28 29 00 00 80 04
07 25 60 05 04 28 29 00 00
0B 28 6D 09 00 03 00 00 00 00 00 00 37
07 25 60 05 04 28 29 00 00
07 25 64 6D 02 03 28 29 00
04 21 03 6A 80 04
07 25 60 05 04 28 29 00 00
07 25 60 05 04 28 29 00 00
0B 28 6D 09 00 03 00 00 00 00 00 00 37
09 27 63 07 06 28 29 00 00 80 04
07 25 60 05 04 28 29 00 00
07 25 60 05 04 28 29 00 00
07 25 60 05 04 28 29 00 00
0B 28 6D 09 00 03 00 00 00 00 00 00 37
07 25 64 37 32 03 28 29 00
34 11 33 00 C3 69 00 00 00 00 00 00 00 00 00 00 00 00 00 00 12 00 00 00 00 00 00 00 00 00 00 00 00 00 00 00 00 00 00 00 00 00 00 00 00 00 9D 0E 00 00 00 00 00 00
07 25 60 05 04 28 29 00 00
09 27 63 07 06 28 29 00 00 80 04
07 25 60 05 04 28 29 00 00
0B 28 6D 09 00 03 00 00 00 00 00 00 37
03 23 00 31 18
07 25 60 05 04 28 29 00 00
07 25 60 05 04 28 29 00 00
07 25 60 05 04 28 29 00 00
0B 28 6D 09 00 03 00 00 00 00 00 00 37
09 27 63 07 06 28 29 00 00 80 04
07 25 60 05 04 28 29 00 00
07 25 64 BE 06 03 28 29 00
08 25 07 BD 31 00 00 00 00 00
07 25 60 05 04 28 29 00 00
07 25 60 05 04 28 29 00 00
0B 28 6D 09 00 03 00 00 00 00 00 00 37
07 25 60 05 04 28 29 00 00
09 27 63 07 06 28 29 00 00 80 04
07 25 60 05 04 28 29 00 00
07 25 60 05 04 28 29 00 00
0B 28 6D 09 00 03 00 00 00 00 00 00 37
07 25 60 05 04 28 29 00 00
07 25 60 05 04 28 29 00 00
07 25 64 1F 32 03 28 29 00
34 11 33 28 78 80 00 00 00 00 7D 02 03 00 00 00 00 00 00 00 37 00 00 00 00 00 00 00 00 00 00 00 00 00 36 48 00 00 00 00 00 00 00 00 00 00 00 00 00 00 00 00 C3 69
0B 28 6D 09 00 03 00 00 00 00 00 00 37
09 27 63 07 06 28 29 00 00 80 04
07 25 60 05 04 28 29 00 00
07 25 60 05 04 28 29 00 00
07 25 60 05 04 28 29 00 00
0B 28 6D 09 00 03 00 00 00 00 00 00 37
07 25 64 6D 02 03 28 29 00
04 21 03 6A 80 04
07 25 60 05 04 28 29 00 00
09 27 63 07 06 28 29 00 00 80 04
07 25 60 05 04 28 29 00 00
07 25 60 05 04 28 29 00 00
0B 28 6D 09 00 03 00 00 00 00 00 00 37
07 25 60 05 04 28 29 00 00
07 25 64 37 32 03 28 29 00
34 11 33 00 C3 69 00 00 00 00 00 00 00 00 00 00 00 00 00 00 12 00 00 00 00 00 00 00 00 00 00 00 00 00 00 00 00 00 00 00 00 00 00 00 00 00 9D 0E 01 00 00 00 00 00
07 25 60 05 04 28 29 00 00
0B 28 6D 09 00 03 00 00 00 00 00 00 37
09 27 63 07 06 28 29 00 00 80 04
07 25 60 05 04 28 29 00 00
07 25 60 05 04 28 29 00 00
07 25 60 05 04 28 29 00 00
07 25 60 05 04 28 29 00 00
0B 28 6D 09 00 03 00 00 00 00 00 00 37
03 23 00 31 18
09 27 63 07 06 28 29 00 00 80 04
07 25 60 05 04 28 29 00 00
07 25 60 05 04 28 29 00 00
0B 28 6D 09 00 03 00 00 00 00 00 00 37
07 25 64 BE 06 03 28 29 00
08 25 07 BD 31 00 00 00 00 00
07 25 60 05 04 28 29 00 00
07 25 60 05 04 28 29 00 00
09 27 63 07 06 28 29 00 00 80 04
0B 28 6D 09 00 03 00 00 00 00 00 00 37
07 25 60 05 04 28 29 00 00
07 25 60 05 04 28 29 00 00
07 25 60 05 04 28 29 00 00
07 25 60 05 04 28 29 00 00
0B 28 6D 09 00 03 00 00 00 00 00 00 37
09 27 63 07 06 28 29 00 00 80 04
07 25 60 05 04 28 29 00 00
07 25 60 05 04 28 29 00 00
07 25 60 05 04 28 29 00 00
0B 28 6D 09 00 03 00 00 00 00 00 00 37
07 25 64 1F 32 03 28 29 00
34 11 33 28 78 80 00 00 00 00 7D 02 03 00 00 00 00 00 00 00 37 00 00 00 00 00 00 00 00 00 00 00 00 00 36 48 00 00 00 00 00 00 00 00 00 00 00 00 00 00 00 00 C4 69
07 25 60 05 04 28 29 00 00
09 27 63 07 06 28 29 00 00 80 04
07 25 60 05 04 28 29 00 00
0B 28 6D 09 00 03 00 00 00 00 00 00 37
07 25 60 05 04 28 29 00 00
07 25 64 6D 02 03 28 29 00
04 21 03 6A 80 04
07 25 60 05 04 28 29 00 00
07 25 60 05 04 28 29 00 00
0B 28 6D 09 00 03 00 00 00 00 00 00 37
09 27 63 07 06 28 29 00 00 80 04
07 25 60 05 04 28 29 00 00
07 25 60 05 04 28 29 00 00
07 25 64 37 32 03 28 29 00
34 11 33 00 C4 69 00 00 00 00 00 00 00 00 00 00 00 00 00 00 13 00 00 00 00 00 00 00 00 00 00 00 00 00 00 00 00 00 00 00 00 00 00 00 00 00 9D 0E FF FF 00 00 00 00
0B 28 6D 09 00 03 00 00 00 00 00 00 37
07 25 60 05 04 28 29 00 00
07 25 60 05 04 28 29 00 00
09 27 63 07 06 28 29 00 00 80 04
07 25 60 05 04 28 29 00 00
0B 28 6D 09 00 03 00 00 00 00 00 00 37
03 23 00 31 18
07 25 60 05 04 28 29 00 00
07 25 60 05 04 28 29 00 00
07 25 60 05 04 28 29 00 00
09 27 63 07 06 28 29 00 00 80 04
0B 28 6D 09 00 03 00 00 00 00 00 00 37
07 25 64 BE 06 03 28 29 00
08 25 07 BD 31 00 00 00 00 00
07 25 60 05 04 28 29 00 00
07 25 60 05 04 28 29 00 00
07 25 60 05 04 28 29 00 00
0B 28 6D 09 00 03 00 00 00 00 00 00 37
07 25 60 05 04 28 29 00 00
09 27 63 07 06 28 29 00 00 80 04
07 25 60 05 04 28 29 00 00
07 25 60 05 04 28 29 00 00
0B 28 6D 09 00 03 00 00 00 00 00 00 37
07 25 60 05 04 28 29 00 00
07 25 60 05 04 28 29 00 00
09 27 63 07 06 28 29 00 00 80 04
07 25 64 1F 32 03 28 29 00 CA FE 00 00 00 00 00 00 00 C5 69
07 25 60 05 04 28 29 00 00
07 25 60 05 04 28 29 00 00
07 25 60 05 04 28 29 00 00
07 25 60 05 04 28 29 00 00
0B 28 6D 09 00 03 00 00 00 00 00 00 37
09 27 63 07 06 28 29 00 00 80 04
07 25 64 6D 02 03 28 29 00
04 21 03 6A 80 04
07 25 60 05 04 28 29 00 00
07 25 60 05 04 28 29 00 00
0B 28 6D 09 00 03 00 00 00 00 00 00 37
07 25 60 05 04 28 29 00 00
07 25 60 05 04 28 29 00 00
09 27 63 07 06 28 29 00 00 80 04
07 25 64 37 32 03 28 29 00
34 11 33 00 C5 69 00 00 00 00 00 00 00 00 00 00 00 00 00 00 14 00 00 00 00 00 00 00 00 00 00 00 00 00 00 00 00 00 00 00 00 00 00 00 00 00 9D 0E 00 00 00 00 00 00
0B 28 6D 09 00 03 00 00 00 00 00 00 37
07 25 60 05 04 28 29 00 00
07 25 60 05 04 28 29 00 00
07 25 60 05 04 28 29 00 00
07 25 60 05 04 28 29 00 00
0B 28 6D 09 00 03 00 00 00 00 00 00 37
03 23 00 31 18
09 27 63 07 06 28 29 00 00 80 04
07 25 60 05 04 28 29 00 00
07 25 60 05 04 28 29 00 00
0B 28 6D 09 00 03 00 00 00 00 00 00 37
07 25 60 05 04 28 29 00 00
07 25 60 05 04 28 29 00 00
09 27 63 07 06 28 29 00 00 80 04
07 25 60 05 04 28 29 00 00
0B 28 6D 09 00 03 00 00 00 00 00 00 37
07 25 64 BE 06 03 28 29 00
08 25 07 BD 32 00 00 00 00 00
07 25 60 05 04 28 29 00 00
07 25 60 05 04 28 29 00 00
07 25 60 05 04 28 29 00 00
09 27 63 07 06 28 29 00 00 80 04
0B 28 6D 09 00 03 00 00 00 00 01 00 37
07 25 60 05 04 28 29 00 00
07 25 60 05 04 28 29 00 00
07 25 60 05 04 28 29 00 00
07 25 60 05 04 28 29 00 00
0B 28 6D 09 00 03 00 00 00 00 01 00 37
07 25 64 1F 32 03 28 29 00
34 11 33 28 78 80 00 00 00 00 7D 02 03 00 00 00 00 00 00 00 37 00 00 00 00 00 00 00 00 00 00 00 00 00 36 48 00 00 00 00 00 00 00 00 00 00 00 00 00 00 00 00 C6 69
09 27 63 07 06 28 29 00 00 80 04
07 25 60 05 04 28 29 00 00
07 25 60 05 04 28 29 00 00
0B 28 6D 09 00 03 00 00 00 00 01 00 37
07 25 60 05 04 28 29 00 00
07 25 60 05 04 28 29 00 00
07 25 64 6D 02 03 28 29 00
04 21 03 6A 80 04
09 27 63 07 06 28 29 00 00 80 04
0B 28 6D 09 00 03 00 00 00 00 01 00 37
07 25 60 05 04 28 29 00 00
07 25 60 05 04 28 29 00 00
07 25 60 05 04 28 29 00 00
07 25 60 05 04 28 29 00 00
0B 28 6D 09 00 03 00 00 00 00 01 00 37
09 27 63 07 06 28 29 00 00 80 04
07 25 64 37 32 03 28 29 00
34 11 33 00 C6 69 00 00 00 00 00 00 00 00 00 00 00 00 00 00 15 00 00 00 00 00 00 00 00 00 00 00 00 00 00 00 00 00 00 00 00 00 00 00 00 00 9D 0E FF FF 00 00 00 00
07 25 60 05 04 28 29 00 00
07 25 60 05 04 28 29 00 00
0B 28 6D 09 00 03 00 00 00 00 01 00 37
07 25 60 05 04 28 29 00 00
07 25 60 05 04 28 29 00 00
09 27 63 07 06 28 29 00 00 80 04
03 23 00 31 18
07 25 60 05 04 28 29 00 00
0B 28 6D 09 00 03 00 00 00 00 01 00 37
07 25 60 05 04 28 29 00 00
07 25 64 BE 06 03 28 29 00
08 25 07 BD 32 00 00 00 00 00
07 25 60 05 04 28 29 00 00
07 25 60 05 04 28 29 00 00
0B 28 6D 09 00 03 00 00 00 00 01 00 37
09 27 63 07 06 28 29 00 00 80 04
07 25 60 05 04 28 29 00 00
07 25 60 05 04 28 29 00 00
07 25 60 05 04 28 29 00 00
0B 28 6D 09 00 03 00 00 00 00 01 00 37
07 25 60 05 04 28 29 00 00
09 27 63 07 06 28 29 00 00 80 04
07 25 60 05 04 28 29 00 00
07 25 60 05 04 28 29 00 00
0B 28 6D 09 00 03 00 00 00 00 01 00 37
07 25 60 05 04 28 29 00 00
07 25 64 1F 32 03 28 29 00
34 11 33 28 78 80 00 00 00 00 7D 02 03 00 00 00 00 00 00 00 37 00 00 00 00 00 00 00 00 00 00 00 00 00 36 48 00 00 00 00 00 00 00 00 00 00 00 00 00 00 00 00 C6 69
07 25 60 05 04 28 29 00 00
09 27 63 07 06 28 29 00 00 80 04
0B 28 6D 09 00 03 00 00 00 00 01 00 37
07 25 60 05 04 28 29 00 00
07 25 60 05 04 28 29 00 00
07 25 64 6D 02 03 28 29 00
04 21 03 6A 80 04
07 25 60 05 04 28 29 00 00
0B 28 6D 09 00 03 00 00 00 00 01 00 37
07 25 60 05 04 28 29 00 00
09 27 63 07 06 28 29 00 00 80 04
07 25 64 37 32 03 28 29 00
34 11 33 00 C7 69 00 00 00 00 00 00 00 00 00 00 00 00 00 00 16 00 00 00 00 00 00 00 00 00 00 00 00 00 00 00 00 00 00 00 00 00 00 00 00 00 9D 0E FF FF 00 00 00 00
07 25 60 05 04 28 29 00 00
0B 28 6D 09 00 08 00 02 00 00 01 00 37
07 25 60 05 04 28 29 00 01
07 25 60 05 04 28 29 00 00
07 25 60 05 04 28 29 00 00
09 27 63 07 06 28 29 00 00 80 04
0B 28 6D 09 00 08 00 00 00 00 01 00 37
07 25 60 05 04 28 29 00 00
03 23 00 31 18
07 25 60 05 04 28 29 00 00
07 25 60 05 04 28 29 00 00
0B 28 6D 09 00 08 00 00 00 00 01 00 37
07 25 60 05 04 28 29 00 00
07 25 64 BE 06 03 28 29 00
08 25 07 BD 31 00 00 00 00 00
09 27 63 07 06 28 29 00 00 80 04
07 25 60 05 04 28 29 00 00
07 25 60 05 04 28 29 00 00
0B 28 6D 09 00 08 00 00 00 00 01 00 37
07 25 60 05 04 28 29 00 00
07 25 60 05 04 28 29 00 00
09 27 63 07 06 28 29 00 00 80 04
07 25 60 05 04 28 29 00 00
07 25 60 05 04 28 29 00 00
0B 28 6D 09 00 08 00 00 00 00 00 00 37
07 25 60 05 04 28 29 00 00
07 25 60 05 04 28 29 00 00
07 25 64 1F 32 03 28 29 00
34 11 33 28 78 80 00 00 00 00 7D 02 03 00 00 00 00 00 00 00 37 00 00 00 00 00 00 00 00 00 00 00 00 00 36 48 00 00 00 00 00 00 00 00 00 00 00 00 00 00 00 00 C7 69
0B 28 6D 09 00 08 00 00 00 00 00 00 37
09 27 63 07 06 28 29 00 00 80 04
07 25 60 05 04 28 29 00 00
07 25 60 05 04 28 29 00 00
07 25 60 05 04 28 29 00 00
07 25 60 05 04 28 29 00 00
0B 28 6D 09 00 08 00 00 00 00 00 00 37
07 25 64 6D 02 03 28 29 00
04 21 03 6A 80 04
09 27 63 07 06 28 29 00 00 80 04
07 25 60 05 04 28 29 00 00
07 25 60 05 04 28 29 00 00
0B 28 6D 09 00 08 00 00 00 00 00 00 37
07 25 60 05 04 28 29 00 00
07 25 64 37 32 03 28 29 00
34 11 33 00 C7 69 00 00 00 00 00 00 00 00 00 00 00 00 00 00 16 00 00 00 00 00 00 00 00 00 00 00 00 00 00 00 00 00 00 00 00 00 00 00 00 00 9D 0E FF FF 00 00 00 00
07 25 60 05 04 28 29 00 00
09 27 63 07 06 28 29 00 00 80 04
0B 28 6D 09 00 08 00 00 00 00 00 00 37
07 25 60 05 04 28 29 00 00
07 25 60 05 04 28 29 00 00
07 25 60 05 04 28 29 00 00
03 23 00 31 18
07 25 60 05 04 28 29 00 00 19