06 F4 06 30 1C 81 18 B5
14 31 13 69 00 00 01 00 00 00 00 00 00 00 00 00 78 80 00 00 00 00
04 21 03 EF 00 00
04 21 03 EF 00 00
04 21 03 EF 00 00
12 33 11 FC 00 00 00 00 E6 00 00 00 F8 01 7A 01 00 00 20 4E
14 31 13 69 00 00 01 00 00 00 00 00 00 00 00 00 78 80 00 00 00 00
12 33 11 FC 00 00 00 00 E6 00 00 00 F8 01 7A 01 00 00 20 4E
14 31 13 69 00 00 01 00 00 00 00 00 00 00 00 00 78 80 00 00 00 00
12 33 11 FC 00 00 00 00 E6 00 00 00 F8 01 7A 01 00 00 20 4E
14 31 13 69 00 00 01 00 00 00 00 00 00 00 00 00 78 80 00 00 00 00
12 33 11 FC 00 00 00 00 E6 00 00 00 F8 01 7A 01 00 00 20 4E
14 31 13 69 00 00 01 00 00 00 00 00 00 00 00 00 78 80 00 00 00 00
12 33 11 FC 00 00 00 00 E6 00 00 00 F8 01 7A 01 00 00 20 4E
14 31 13 69 00 00 01 00 00 00 00 00 00 00 00 00 78 80 00 00 00 00
12 33 11 FC 00 00 00 00 E6 00 00 00 F8 01 7A 01 00 00 20 4E
14 31 13 69 00 00 01 00 00 00 00 00 00 00 00 00 78 80 00 00 00 00
12 33 11 FC 00 00 00 00 E6 00 00 00 F8 01 7A 01 00 00 20 4E
14 31 13 69 00 00 01 00 00 00 00 00 00 00 00 00 78 80 00 00 00 00
12 33 11 FC 00 00 00 00 E6 00 00 00 F8 01 7A 01 00 00 20 4E
14 31 13 69 00 00 01 00 00 00 00 00 00 00 00 00 78 80 00 00 00 00
04 21 03 6A 80 04
03 23 00 31 18
04 21 03 6A 80 04
03 23 00 31 18
04 21 03 6A 80 04
03 23 00 31 18
04 21 03 6A 80 04
03 23 00 31 18
04 21 03 6A 80 04
03 23 00 31 18
04 21 03 6A 80 04
03 23 00 31 18
04 21 03 6A 80 04
03 23 00 31 18
04 21 03 6A 80 04
03 23 00 31 18
04 21 03 6A 80 04
03 23 00 31 18
04 21 03 6A 80 04
03 23 00 31 18
04 21 03 6A 80 04
03 23 00 31 18
04 21 03 6A 80 04
03 23 00 31 18
04 21 03 6A 80 04
03 23 00 31 18
04 21 03 6A 80 04
03 23 00 31 18
04 21 03 6A 80 04
03 23 00 31 18
04 21 03 6A 80 04
03 23 00 31 18
04 21 03 6A 80 04
03 23 00 31 18
04 21 03 6A 80 04
03 23 00 31 18
07 25 60 05 04 28 29 00 00 19